14 0.500977 0.5 0.998047 1 0.158936
15 0.5 0.5 1 1 0.922852
0 0.626953 0.377441 0.246094 0.178711 0.016830
0 0.687500 0.352051 0.132812 0.129883 0.762207
2 0.714844 0.324219 0.050781 0.050781 0.008080
2 0.688477 0.349121 0.130859 0.124023 0.033875
2 0.715820 0.315430 0.029297 0.033203 0.055817
3 0.657227 0.554688 0.361328 0.128906 0.680664
7 0.543945 0.261719 0.0644531 0.191406 0.0390015
9 0.543945 0.261719 0.0644531 0.191406 0.0132141
11 0.785156 0.180664 0.078125 0.0351562 0.0290527
13 0.892578 0.497559 0.0390625 0.0146484 0.0807495
