14 0.501465 0.500977 0.989258 0.994141 0.0334167
15 0.499023 0.502441 0.996094 0.995117 0.936035
0 0.535645 0.560059 0.354492 0.190430 0.008652
0 0.531250 0.388184 0.117188 0.151367 0.009377
0 0.488770 0.455566 0.219727 0.456055 0.011337
0 0.520508 0.334961 0.072266 0.080078 0.029236
0 0.481445 0.372070 0.181641 0.201172 0.067749
0 0.449707 0.300781 0.157227 0.181641 0.078003
0 0.486328 0.329590 0.134766 0.104492 0.544434
2 0.530273 0.337891 0.041016 0.046875 0.038391
2 0.502930 0.327148 0.105469 0.099609 0.111511
3 0.527832 0.508301 0.807617 0.825195 0.009346
3 0.534180 0.567383 0.347656 0.181641 0.446533
4 0.422852 0.273926 0.105469 0.200195 0.0128479
5 0.300781 0.484375 0.121094 0.160156 0.009308
5 0.322266 0.454590 0.179688 0.368164 0.011185
5 0.319336 0.547852 0.134766 0.138672 0.018921
6 0.319336 0.547852 0.134766 0.138672 0.0100479
7 0.391602 0.199219 0.115234 0.109375 0.007290
7 0.426758 0.217773 0.078125 0.113281 0.020248
7 0.319336 0.547852 0.134766 0.138672 0.036591
7 0.419922 0.272461 0.093750 0.189453 0.134399
8 0.427246 0.218262 0.077148 0.110352 0.007019
8 0.500977 0.324219 0.103516 0.093750 0.028442
8 0.419922 0.272461 0.093750 0.189453 0.116028
9 0.433105 0.217285 0.086914 0.110352 0.008903
9 0.470215 0.333496 0.178711 0.124023 0.009071
9 0.419922 0.272461 0.093750 0.189453 0.073975
11 0.422852 0.273926 0.105469 0.200195 0.007595
11 0.367188 0.192383 0.113281 0.091797 0.011703
11 0.547363 0.201172 0.116211 0.039062 0.012398
13 0.300781 0.484375 0.121094 0.160156 0.007763
13 0.287598 0.484863 0.077148 0.038086 0.011864
