14 0.499512 0.5 0.999023 1 0.426758
15 0.5 0.500488 1 0.999023 0.652832
0 0.551758 0.300781 0.115234 0.105469 0.189453
6 0.282227 0.270508 0.132812 0.150391 0.009033
6 0.330566 0.304199 0.127930 0.166992 0.064941
7 0.282227 0.270508 0.132812 0.150391 0.012375
7 0.325195 0.299316 0.123047 0.168945 0.076599
8 0.316406 0.29541 0.125 0.161133 0.00991821
9 0.807617 0.321777 0.048828 0.038086 0.009117
9 0.202148 0.336426 0.130859 0.145508 0.011856
9 0.316406 0.295410 0.125000 0.161133 0.016083
9 0.179688 0.354492 0.068359 0.095703 0.068298
13 0.325195 0.299316 0.123047 0.168945 0.121399
