15 0.499512 0.5 0.999023 1 0.345459
14 0.5 0.5 1 1 0.77832
2 0.666992 0.211914 0.189453 0.162109 0.007973
2 0.723145 0.248535 0.102539 0.073242 0.011589
2 0.724609 0.248535 0.054688 0.051758 0.011955
2 0.164062 0.305664 0.189453 0.117188 0.012573
2 0.745117 0.274902 0.095703 0.096680 0.013443
2 0.222656 0.249023 0.082031 0.050781 0.014175
2 0.803711 0.365723 0.072266 0.061523 0.014298
2 0.257812 0.244629 0.171875 0.125977 0.017075
2 0.220703 0.247070 0.033203 0.025391 0.022202
2 0.787109 0.339355 0.107422 0.092773 0.029709
2 0.154297 0.514160 0.117188 0.112305 0.037598
2 0.135742 0.515625 0.066406 0.042969 0.074951
2 0.761719 0.306152 0.158203 0.178711 0.094604
2 0.710938 0.262207 0.265625 0.278320 0.162964
2 0.805664 0.360840 0.048828 0.034180 0.229126
2 0.219238 0.271973 0.288086 0.200195 0.237183
6 0.210449 0.270996 0.28418 0.192383 0.00767136
8 0.729980 0.375977 0.034180 0.025391 0.007130
8 0.734375 0.377441 0.126953 0.129883 0.008034
8 0.745117 0.274902 0.095703 0.096680 0.010689
8 0.723145 0.248535 0.102539 0.073242 0.011665
8 0.222656 0.249023 0.082031 0.050781 0.012047
8 0.725586 0.253418 0.056641 0.043945 0.014915
8 0.154297 0.514160 0.117188 0.112305 0.016205
8 0.787109 0.339355 0.107422 0.092773 0.020371
8 0.759277 0.307129 0.151367 0.159180 0.023987
8 0.135742 0.515625 0.066406 0.042969 0.029709
8 0.220703 0.247070 0.033203 0.025391 0.031921
8 0.219238 0.271973 0.288086 0.200195 0.040894
8 0.722168 0.265137 0.250977 0.262695 0.070190
8 0.805664 0.360840 0.048828 0.034180 0.131226
9 0.711426 0.261719 0.266602 0.279297 0.007057
9 0.210449 0.282227 0.286133 0.203125 0.011871
11 0.711426 0.261719 0.266602 0.279297 0.007263
11 0.210449 0.282227 0.286133 0.203125 0.023346
13 0.154297 0.514160 0.117188 0.112305 0.015259
13 0.805664 0.360352 0.052734 0.035156 0.027512
13 0.135742 0.515625 0.066406 0.042969 0.033447
13 0.711426 0.261719 0.266602 0.279297 0.091858
13 0.210449 0.270996 0.284180 0.192383 0.303223
