14 0.500977 0.500488 0.998047 0.999023 0.0178223
15 0.5 0.500977 0.998047 0.998047 0.950195
0 0.612305 0.367188 0.117188 0.164062 0.010941
0 0.509766 0.428711 0.476562 0.583984 0.011169
0 0.620117 0.349121 0.080078 0.090820 0.021637
0 0.626953 0.354980 0.050781 0.053711 0.023468
0 0.521973 0.344727 0.291992 0.248047 0.106628
0 0.585938 0.317383 0.150391 0.177734 0.295898
1 0.243164 0.26416 0.150391 0.129883 0.0120468
2 0.188477 0.295898 0.132812 0.109375 0.007233
2 0.162598 0.429199 0.166992 0.174805 0.008682
2 0.674316 0.360352 0.110352 0.128906 0.009567
2 0.706055 0.372559 0.060547 0.049805 0.015419
2 0.538574 0.344238 0.268555 0.245117 0.018005
2 0.706055 0.363281 0.197266 0.275391 0.020371
2 0.658203 0.139648 0.117188 0.095703 0.028442
2 0.704102 0.365234 0.091797 0.085938 0.029831
2 0.612305 0.367188 0.117188 0.164062 0.030457
2 0.130859 0.428223 0.095703 0.073242 0.035522
2 0.589844 0.309082 0.080078 0.083008 0.036652
2 0.232422 0.327637 0.281250 0.290039 0.051025
2 0.650391 0.128418 0.070312 0.055664 0.066956
2 0.652344 0.120117 0.035156 0.025391 0.088135
2 0.620117 0.349121 0.080078 0.090820 0.179199
2 0.587402 0.316406 0.145508 0.171875 0.355469
2 0.628906 0.356445 0.044922 0.044922 0.438721
2 0.243164 0.264160 0.150391 0.129883 0.443359
3 0.608398 0.666016 0.529297 0.21875 0.640137
5 0.790039 0.415039 0.203125 0.341797 0.008293
5 0.739258 0.267578 0.287109 0.332031 0.008446
5 0.170410 0.442383 0.194336 0.263672 0.013847
5 0.140137 0.434082 0.112305 0.069336 0.014160
5 0.730469 0.361816 0.152344 0.166992 0.014236
5 0.826172 0.577148 0.205078 0.353516 0.014305
5 0.227539 0.571777 0.275391 0.274414 0.016602
5 0.869141 0.671387 0.144531 0.178711 0.032776
5 0.766113 0.453125 0.331055 0.619141 0.123596
5 0.237305 0.447266 0.333984 0.568359 0.182861
6 0.243164 0.26416 0.150391 0.129883 0.00907898
7 0.242676 0.263672 0.145508 0.125000 0.027206
7 0.397461 0.172363 0.099609 0.174805 0.036774
8 0.130859 0.428223 0.095703 0.073242 0.007202
8 0.640625 0.141602 0.144531 0.119141 0.009529
8 0.652832 0.120117 0.041992 0.037109 0.011025
8 0.627930 0.356445 0.048828 0.048828 0.013458
8 0.237305 0.428223 0.337891 0.559570 0.018906
8 0.706055 0.363281 0.197266 0.275391 0.020386
8 0.650391 0.128418 0.070312 0.055664 0.027374
8 0.700195 0.367676 0.070312 0.065430 0.034912
8 0.245117 0.263672 0.150391 0.128906 0.073730
8 0.651855 0.119141 0.028320 0.021484 0.109558
9 0.665527 0.095215 0.145508 0.069336 0.007717
9 0.481445 0.500000 0.962891 1.000000 0.007980
9 0.491211 0.457520 0.279297 0.569336 0.009102
9 0.401855 0.173828 0.100586 0.181641 0.012123
9 0.237305 0.428223 0.337891 0.559570 0.020569
9 0.242676 0.263672 0.145508 0.125000 0.052460
10 0.886719 0.702148 0.125 0.150391 0.00796509
11 0.889648 0.703125 0.115234 0.142578 0.013954
11 0.617188 0.109863 0.128906 0.067383 0.014114
11 0.384766 0.102051 0.095703 0.028320 0.015793
11 0.397949 0.172852 0.098633 0.173828 0.024750
11 0.243164 0.264160 0.150391 0.129883 0.074463
13 0.596680 0.316406 0.130859 0.169922 0.008804
13 0.870117 0.671387 0.138672 0.174805 0.008896
13 0.647461 0.135254 0.105469 0.088867 0.016998
13 0.232910 0.327637 0.282227 0.288086 0.031982
13 0.162598 0.429199 0.166992 0.174805 0.036652
13 0.139648 0.436035 0.107422 0.057617 0.160889
13 0.242188 0.265137 0.144531 0.124023 0.199951
