14 0.498535 0.49707 0.995117 0.994141 0.0089798
15 0.499023 0.496094 0.994141 0.988281 0.954102
0 0.542969 0.344727 0.222656 0.191406 0.009918
0 0.591797 0.303711 0.132812 0.115234 0.791504
3 0.594727 0.540039 0.384766 0.103516 0.70459
5 0.302246 0.425293 0.186523 0.297852 0.0210724
7 0.450195 0.259766 0.0605469 0.15625 0.0098877
10 0.910156 0.739258 0.046875 0.0644531 0.0132904
11 0.910156 0.739258 0.046875 0.064453 0.015915
11 0.649902 0.143555 0.094727 0.017578 0.018066
11 0.327637 0.148926 0.063477 0.034180 0.026825
