14 0.5 0.499512 0.992188 0.999023 0.0106964
15 0.5 0.499512 0.992188 0.999023 0.964355
0 0.699707 0.492676 0.061523 0.049805 0.008614
0 0.535156 0.301270 0.109375 0.096680 0.040009
2 0.699707 0.492676 0.061523 0.049805 0.007088
2 0.291992 0.516113 0.048828 0.041992 0.008705
2 0.261719 0.384766 0.054688 0.060547 0.009552
2 0.196289 0.454590 0.054688 0.043945 0.013123
2 0.202637 0.387695 0.043945 0.029297 0.014252
2 0.158691 0.665039 0.040039 0.037109 0.030884
3 0.521484 0.600586 0.304688 0.142578 0.00834656
4 0.157715 0.664551 0.040039 0.038086 0.007561
4 0.291992 0.516602 0.050781 0.039062 0.007687
4 0.261230 0.385742 0.055664 0.064453 0.010269
4 0.698730 0.492676 0.059570 0.047852 0.010429
4 0.195801 0.454590 0.053711 0.043945 0.015358
6 0.737305 0.363770 0.052734 0.032227 0.007584
6 0.712891 0.361816 0.050781 0.038086 0.009232
7 0.158691 0.595215 0.024414 0.022461 0.007153
7 0.653809 0.440430 0.038086 0.033203 0.007599
7 0.698730 0.376953 0.040039 0.033203 0.009789
7 0.719727 0.429199 0.060547 0.069336 0.009972
7 0.712402 0.368164 0.086914 0.068359 0.010292
7 0.723633 0.431641 0.037109 0.035156 0.010849
7 0.347656 0.489258 0.062500 0.052734 0.010910
7 0.221191 0.333008 0.043945 0.041016 0.011177
7 0.245605 0.391113 0.124023 0.145508 0.011597
7 0.784180 0.521973 0.029297 0.026367 0.014214
7 0.712891 0.361816 0.050781 0.038086 0.030838
7 0.742676 0.365234 0.045898 0.033203 0.030975
7 0.200195 0.386719 0.044922 0.027344 0.032074
7 0.270020 0.269043 0.036133 0.030273 0.036041
7 0.762695 0.592773 0.111328 0.181641 0.037628
7 0.700195 0.493652 0.060547 0.049805 0.068787
7 0.261719 0.386719 0.054688 0.062500 0.082520
7 0.291992 0.516602 0.050781 0.039062 0.087341
7 0.195801 0.454590 0.053711 0.043945 0.180786
7 0.158691 0.664062 0.040039 0.039062 0.239868
8 0.288574 0.297852 0.122070 0.125000 0.007370
8 0.281250 0.360352 0.140625 0.175781 0.007828
8 0.600098 0.363770 0.065430 0.061523 0.007889
8 0.345703 0.313965 0.015625 0.010742 0.009163
8 0.729980 0.631836 0.014648 0.011719 0.009338
8 0.330078 0.532715 0.029297 0.026367 0.009384
8 0.307617 0.511719 0.080078 0.064453 0.009666
8 0.727539 0.432129 0.041016 0.040039 0.011856
8 0.197754 0.417480 0.069336 0.112305 0.014366
8 0.255859 0.516113 0.039062 0.034180 0.016678
8 0.348633 0.561523 0.048828 0.056641 0.018616
8 0.272461 0.277832 0.054688 0.051758 0.020554
8 0.157715 0.598633 0.034180 0.041016 0.020721
8 0.704102 0.461426 0.099609 0.131836 0.022873
8 0.775391 0.536133 0.058594 0.085938 0.023407
8 0.701660 0.420410 0.170898 0.233398 0.023743
8 0.232422 0.404785 0.121094 0.124023 0.026077
8 0.261719 0.372559 0.037109 0.032227 0.027908
8 0.346191 0.292969 0.028320 0.023438 0.029923
8 0.668457 0.430664 0.092773 0.101562 0.031280
8 0.763672 0.600586 0.113281 0.185547 0.034668
8 0.292969 0.305664 0.048828 0.042969 0.035370
8 0.712402 0.368164 0.086914 0.068359 0.043060
8 0.699219 0.373047 0.048828 0.042969 0.068909
8 0.231445 0.351074 0.101562 0.149414 0.070923
8 0.769531 0.688477 0.035156 0.033203 0.082275
8 0.340820 0.576660 0.041016 0.038086 0.083984
8 0.719727 0.429199 0.060547 0.069336 0.162964
8 0.348145 0.488281 0.061523 0.054688 0.175415
8 0.653809 0.440430 0.034180 0.029297 0.187256
8 0.291016 0.437988 0.031250 0.026367 0.205688
8 0.255371 0.514648 0.022461 0.017578 0.304443
8 0.158691 0.594238 0.024414 0.022461 0.308105
8 0.293945 0.303223 0.025391 0.022461 0.319824
8 0.693359 0.381348 0.027344 0.024414 0.333008
8 0.712891 0.361328 0.050781 0.037109 0.336670
8 0.219238 0.331055 0.034180 0.021484 0.399414
8 0.270020 0.269043 0.036133 0.030273 0.468018
8 0.158203 0.664551 0.041016 0.038086 0.485840
8 0.784668 0.522461 0.028320 0.025391 0.498535
8 0.724609 0.432617 0.027344 0.021484 0.525879
8 0.202148 0.387207 0.044922 0.022461 0.526367
8 0.749023 0.366699 0.033203 0.026367 0.532227
8 0.261719 0.386230 0.054688 0.063477 0.577148
8 0.291992 0.516113 0.048828 0.041992 0.654297
8 0.196289 0.454590 0.054688 0.043945 0.657227
8 0.699219 0.492676 0.062500 0.049805 0.711914
9 0.347656 0.489258 0.062500 0.052734 0.007050
9 0.719727 0.429199 0.060547 0.069336 0.007210
9 0.742676 0.365234 0.045898 0.033203 0.008072
9 0.763672 0.600098 0.113281 0.186523 0.008324
9 0.271484 0.270020 0.037109 0.034180 0.009796
9 0.200195 0.386719 0.044922 0.027344 0.011993
9 0.700195 0.493652 0.060547 0.049805 0.015587
9 0.261719 0.386719 0.054688 0.062500 0.023407
9 0.195801 0.454102 0.053711 0.044922 0.026779
9 0.291992 0.516602 0.050781 0.039062 0.028686
9 0.158691 0.664062 0.040039 0.039062 0.081909
10 0.140137 0.753906 0.0400391 0.0390625 0.0312805
11 0.195801 0.454590 0.053711 0.043945 0.008202
11 0.158691 0.665039 0.040039 0.037109 0.018402
11 0.140137 0.753906 0.040039 0.039062 0.034668
13 0.748535 0.366699 0.034180 0.028320 0.007713
13 0.200195 0.386719 0.044922 0.027344 0.007980
13 0.270508 0.269531 0.037109 0.031250 0.011482
13 0.261230 0.385742 0.055664 0.064453 0.012085
13 0.196289 0.454590 0.054688 0.043945 0.012299
13 0.721191 0.363281 0.073242 0.041016 0.013664
13 0.158691 0.664062 0.040039 0.039062 0.014168
13 0.693359 0.380859 0.027344 0.023438 0.018189
