14 0.500977 0.5 0.998047 1 0.255615
15 0.5 0.5 0.998047 1 0.778809
0 0.575195 0.316406 0.095703 0.101562 0.142456
0 0.515625 0.331543 0.242188 0.168945 0.245361
2 0.582031 0.316895 0.035156 0.043945 0.008156
2 0.862305 0.859375 0.136719 0.183594 0.028961
2 0.871094 0.878906 0.066406 0.066406 0.031311
2 0.553711 0.322266 0.154297 0.144531 0.050568
2 0.575195 0.313477 0.083984 0.089844 0.355225
3 0.594238 0.636719 0.459961 0.144531 0.588379
5 0.761719 0.483887 0.273438 0.489258 0.020172
5 0.241211 0.454102 0.271484 0.458984 0.041962
9 0.696777 0.977051 0.084961 0.045898 0.008514
9 0.884277 0.918945 0.124023 0.158203 0.008888
9 0.892578 0.965332 0.117188 0.069336 0.011719
9 0.871094 0.878906 0.066406 0.066406 0.037903
9 0.862305 0.859375 0.136719 0.183594 0.161621
10 0.918457 0.967285 0.069336 0.065430 0.034302
11 0.918457 0.967285 0.069336 0.065430 0.029831
