15 0.5 0.5 1 1 0.052124
14 0.5 0.5 1 0.998047 0.964355
1 0.774414 0.551758 0.279297 0.117188 0.012749
1 0.830566 0.562012 0.163086 0.077148 0.092224
5 0.829102 0.558594 0.166016 0.0820312 0.0133286
7 0.829102 0.558594 0.166016 0.0820312 0.0152817
8 0.753906 0.432617 0.031250 0.029297 0.010200
8 0.755859 0.433105 0.066406 0.071289 0.012833
9 0.764648 0.602539 0.345703 0.181641 0.00817871
10 0.829102 0.558594 0.166016 0.0820312 0.00783539
11 0.831055 0.5625 0.166016 0.0800781 0.0166626
13 0.828613 0.559570 0.163086 0.080078 0.104248
