14 0.500488 0.499512 0.999023 0.999023 0.0203705
15 0.500488 0.5 0.999023 1 0.94043
0 0.491211 0.390625 0.410156 0.558594 0.007111
0 0.357422 0.319824 0.152344 0.211914 0.007507
0 0.599609 0.261719 0.082031 0.082031 0.015251
0 0.490234 0.271973 0.339844 0.217773 0.168823
0 0.580078 0.238770 0.144531 0.153320 0.330078
2 0.581055 0.183105 0.105469 0.079102 0.008194
2 0.115234 0.652344 0.076172 0.101562 0.016052
2 0.584473 0.183594 0.067383 0.044922 0.040710
2 0.508789 0.265625 0.298828 0.207031 0.057495
2 0.585938 0.183594 0.039062 0.027344 0.060455
2 0.599609 0.261719 0.082031 0.082031 0.218018
2 0.580078 0.237793 0.142578 0.153320 0.468262
3 0.573242 0.642578 0.642578 0.294922 0.376221
5 0.196777 0.507812 0.194336 0.371094 0.009605
5 0.201660 0.734375 0.305664 0.207031 0.010040
5 0.760742 0.389648 0.189453 0.230469 0.010521
5 0.116699 0.661621 0.081055 0.100586 0.011452
5 0.822266 0.513672 0.333984 0.640625 0.012443
5 0.238281 0.300781 0.218750 0.285156 0.018356
5 0.138184 0.644531 0.114258 0.171875 0.024078
5 0.707031 0.297363 0.246094 0.293945 0.030136
5 0.172363 0.636719 0.186523 0.292969 0.039246
5 0.707031 0.422852 0.349609 0.607422 0.110962
5 0.236328 0.481445 0.328125 0.642578 0.211792
6 0.255371 0.455078 0.344727 0.644531 0.011467
7 0.255371 0.455078 0.344727 0.644531 0.00741196
8 0.278320 0.328125 0.035156 0.027344 0.007526
8 0.355469 0.301270 0.140625 0.190430 0.009186
8 0.257324 0.398926 0.301758 0.538086 0.010773
8 0.580078 0.238770 0.144531 0.153320 0.015686
8 0.114746 0.657715 0.073242 0.094727 0.023743
9 0.489746 0.271973 0.340820 0.213867 0.007275
9 0.134766 0.792969 0.195312 0.132812 0.007828
9 0.708984 0.482910 0.365234 0.698242 0.008263
9 0.958008 0.799805 0.064453 0.240234 0.009338
9 0.972168 0.455078 0.053711 0.289062 0.010445
9 0.580078 0.238770 0.144531 0.153320 0.010979
9 0.489746 0.427734 0.415039 0.613281 0.011192
9 0.589844 0.641602 0.574219 0.294922 0.011223
9 0.637207 0.924805 0.135742 0.125000 0.011620
9 0.048340 0.703125 0.096680 0.234375 0.012192
9 0.971680 0.638672 0.052734 0.535156 0.020248
9 0.238281 0.457031 0.330078 0.634766 0.021637
9 0.977539 0.829590 0.044922 0.235352 0.027191
9 0.960938 0.453125 0.074219 0.533203 0.046509
10 0.900391 0.789062 0.097656 0.113281 0.007690
10 0.084961 0.803711 0.101562 0.119141 0.014565
11 0.888184 0.764648 0.094727 0.130859 0.013771
11 0.084961 0.803711 0.103516 0.121094 0.015335
13 0.580078 0.238770 0.144531 0.153320 0.013771
13 0.238281 0.457031 0.330078 0.634766 0.015259
13 0.880859 0.741699 0.058594 0.096680 0.017334
