14 0.500977 0.495605 0.982422 0.991211 0.210205
15 0.500488 0.495605 0.987305 0.991211 0.754883
4 0.752441 0.345215 0.063477 0.055664 0.010468
4 0.304688 0.547852 0.087891 0.083984 0.050629
5 0.751953 0.345215 0.062500 0.055664 0.007179
5 0.304688 0.547852 0.087891 0.083984 0.008102
6 0.752441 0.345215 0.063477 0.055664 0.070862
6 0.303711 0.547852 0.085938 0.083984 0.135498
7 0.752441 0.345215 0.063477 0.055664 0.076599
7 0.304688 0.547852 0.087891 0.083984 0.153687
8 0.752930 0.345215 0.062500 0.055664 0.097412
8 0.302734 0.548828 0.085938 0.083984 0.116516
9 0.750977 0.345703 0.064453 0.056641 0.008667
9 0.304688 0.547852 0.085938 0.083984 0.028625
13 0.752930 0.345215 0.064453 0.055664 0.062805
13 0.303711 0.547852 0.085938 0.083984 0.126221
