15 0.5 0.499023 1 0.998047 0.257812
14 0.5 0.5 1 1 0.836426
3 0.517578 0.612305 0.466797 0.158203 0.113464
4 0.194336 0.553223 0.322266 0.192383 0.021072
4 0.228516 0.515137 0.220703 0.108398 0.042786
4 0.230469 0.344727 0.234375 0.181641 0.156128
5 0.22998 0.34082 0.231445 0.181641 0.00948334
6 0.790039 0.651367 0.150391 0.083984 0.008888
6 0.207031 0.457031 0.285156 0.291016 0.017044
6 0.231934 0.499023 0.223633 0.123047 0.047180
6 0.229980 0.340820 0.231445 0.181641 0.121155
7 0.228516 0.459473 0.253906 0.252930 0.017258
7 0.800781 0.667969 0.175781 0.107422 0.053284
7 0.194336 0.553223 0.322266 0.192383 0.081055
7 0.230957 0.345215 0.233398 0.180664 0.197388
7 0.212891 0.518066 0.234375 0.102539 0.209717
8 0.166016 0.326172 0.105469 0.103516 0.007454
8 0.159668 0.327148 0.063477 0.056641 0.009033
8 0.314453 0.458008 0.078125 0.064453 0.016205
8 0.229980 0.341309 0.231445 0.182617 0.110352
9 0.230469 0.341797 0.230469 0.183594 0.00986481
10 0.862305 0.688965 0.080078 0.104492 0.386719
10 0.178711 0.578613 0.335938 0.247070 0.489258
11 0.632324 0.156250 0.161133 0.033203 0.010178
11 0.055176 0.551270 0.088867 0.131836 0.045136
11 0.862305 0.687500 0.076172 0.101562 0.174194
13 0.230957 0.345215 0.233398 0.180664 0.0285034
