14 0.500977 0.500977 0.998047 0.998047 0.230347
15 0.5 0.5 0.996094 0.996094 0.812988
0 0.528809 0.348145 0.360352 0.250977 0.056793
0 0.612305 0.319336 0.177734 0.181641 0.333984
2 0.613770 0.317871 0.081055 0.061523 0.007313
2 0.626953 0.276367 0.103516 0.087891 0.028503
2 0.612793 0.309570 0.168945 0.166016 0.180664
3 0.545898 0.311035 0.314453 0.170898 0.008179
3 0.604492 0.622070 0.537109 0.208984 0.478760
5 0.826660 0.579590 0.208008 0.299805 0.007202
5 0.869141 0.652344 0.128906 0.156250 0.008636
5 0.239258 0.453613 0.357422 0.565430 0.016769
5 0.769043 0.452148 0.368164 0.621094 0.023193
5 0.232422 0.606445 0.279297 0.224609 0.037872
7 0.874023 0.669922 0.123047 0.132812 0.0132904
10 0.105957 0.733398 0.12207 0.126953 0.0101242
11 0.889648 0.691406 0.111328 0.140625 0.008125
11 0.105957 0.733398 0.122070 0.125000 0.011185
