14 0.507324 0.501953 0.985352 0.996094 0.0143585
15 0.529297 0.511719 0.410156 0.113281 0.0172729
15 0.539062 0.510742 0.589844 0.443359 0.0773315
15 0.499023 0.5 0.998047 1 0.958008
0 0.492188 0.329590 0.226562 0.168945 0.044098
0 0.551270 0.291016 0.112305 0.095703 0.796387
3 0.507324 0.501953 0.985352 0.996094 0.082825
3 0.539062 0.510742 0.589844 0.443359 0.272461
3 0.545410 0.512695 0.432617 0.111328 0.745117
7 0.395508 0.20752 0.0722656 0.135742 0.0085907
10 0.842285 0.5625 0.0537109 0.078125 0.0196991
11 0.842285 0.562500 0.053711 0.078125 0.025345
11 0.354004 0.151367 0.110352 0.019531 0.030090
11 0.680664 0.150391 0.101562 0.044922 0.070862
13 0.764648 0.508789 0.056641 0.029297 0.013382
13 0.778320 0.423828 0.048828 0.015625 0.218384
