14 0.500488 0.5 0.999023 1 0.0888672
15 0.5 0.5 1 1 0.927734
0 0.544922 0.320312 0.234375 0.183594 0.008804
0 0.634766 0.285645 0.042969 0.057617 0.010391
0 0.595215 0.293945 0.127930 0.130859 0.789551
2 0.627441 0.289551 0.059570 0.077148 0.036072
2 0.595215 0.293945 0.127930 0.128906 0.079773
2 0.807617 0.215820 0.056641 0.048828 0.097290
2 0.639648 0.284180 0.033203 0.046875 0.145630
3 0.600586 0.643066 0.427734 0.174805 0.642578
5 0.238281 0.484863 0.218750 0.344727 0.008438
5 0.794922 0.515625 0.179688 0.441406 0.010429
7 0.807617 0.21582 0.0566406 0.0488281 0.0696411
8 0.806641 0.216797 0.0546875 0.0488281 0.0416565
9 0.109375 0.666992 0.013672 0.013672 0.008324
9 0.807617 0.215820 0.056641 0.048828 0.542969
10 0.0561523 0.737793 0.0380859 0.0556641 0.00725174
11 0.622559 0.103516 0.059570 0.048828 0.007587
11 0.056152 0.737793 0.038086 0.055664 0.008469
11 0.328125 0.083496 0.078125 0.038086 0.237305
13 0.807129 0.216797 0.0576172 0.0488281 0.0459595
