14 0.499512 0.5 0.999023 0.998047 0.357422
15 0.5 0.5 1 1 0.663086
0 0.578125 0.315430 0.058594 0.068359 0.033783
0 0.515625 0.331543 0.195312 0.131836 0.281982
2 0.565430 0.324219 0.123047 0.119141 0.010765
2 0.253906 0.584473 0.107422 0.084961 0.011948
2 0.234863 0.602051 0.067383 0.049805 0.040649
2 0.581055 0.314453 0.037109 0.044922 0.198853
2 0.220215 0.607422 0.032227 0.031250 0.484619
3 0.548828 0.572754 0.371094 0.170898 0.128418
5 0.299316 0.487305 0.192383 0.298828 0.0222321
7 0.733887 0.580078 0.102539 0.0859375 0.0181274
8 0.229492 0.598145 0.064453 0.063477 0.007484
8 0.308594 0.562500 0.027344 0.019531 0.011261
8 0.306641 0.563477 0.050781 0.033203 0.016144
8 0.220215 0.607422 0.030273 0.031250 0.132935
9 0.220703 0.60791 0.0351562 0.0322266 0.0203705
10 0.181152 0.690918 0.0400391 0.0576172 0.0392456
11 0.181152 0.690918 0.0400391 0.0576172 0.048645
13 0.220703 0.60791 0.0351562 0.0322266 0.0109329
