14 0.500488 0.500488 0.99707 0.999023 0.0539856
15 0.499023 0.500488 0.998047 0.999023 0.949707
0 0.561035 0.291992 0.254883 0.160156 0.044250
0 0.652832 0.273438 0.057617 0.070312 0.048675
0 0.632324 0.264648 0.104492 0.097656 0.753906
2 0.633789 0.268555 0.103516 0.099609 0.014847
2 0.652832 0.273438 0.057617 0.070312 0.043274
2 0.863281 0.625977 0.070312 0.060547 0.083435
2 0.663086 0.283203 0.033203 0.039062 0.155273
4 0.862793 0.62793 0.0693359 0.0605469 0.00859833
6 0.862793 0.62793 0.0693359 0.0605469 0.0137558
7 0.250977 0.759766 0.060547 0.058594 0.036499
7 0.474121 0.293457 0.086914 0.157227 0.133911
7 0.862305 0.626953 0.068359 0.058594 0.169556
8 0.218750 0.533203 0.027344 0.023438 0.008118
8 0.833984 0.418945 0.027344 0.021484 0.008484
8 0.474121 0.293457 0.086914 0.157227 0.023941
8 0.250977 0.753906 0.054688 0.042969 0.040436
8 0.862305 0.626953 0.068359 0.062500 0.187012
9 0.250977 0.759766 0.060547 0.058594 0.030838
9 0.474121 0.293457 0.086914 0.157227 0.215942
9 0.863281 0.625977 0.068359 0.060547 0.287842
11 0.187012 0.851074 0.043945 0.059570 0.007534
11 0.461426 0.132324 0.083008 0.034180 0.011475
11 0.863281 0.625977 0.070312 0.060547 0.019714
11 0.651367 0.106934 0.064453 0.030273 0.035553
11 0.751953 0.120117 0.058594 0.042969 0.067932
13 0.823730 0.363770 0.043945 0.036133 0.010544
13 0.789551 0.732422 0.075195 0.039062 0.018723
13 0.277832 0.361816 0.061523 0.036133 0.019455
13 0.862305 0.626465 0.068359 0.061523 0.102905
