15 0.5 0.500977 1 0.998047 0.516602
14 0.500488 0.500977 0.999023 0.998047 0.646484
0 0.588867 0.363281 0.169922 0.101562 0.013397
0 0.511719 0.460449 0.669922 0.557617 0.022842
0 0.500000 0.500977 1.000000 0.998047 0.025314
0 0.634766 0.405273 0.164062 0.181641 0.044678
0 0.552734 0.420898 0.347656 0.218750 0.362549
2 0.625000 0.368164 0.121094 0.095703 0.009613
2 0.609375 0.404297 0.210938 0.183594 0.024963
2 0.605469 0.351562 0.078125 0.054688 0.047241
3 0.552246 0.405762 0.333008 0.194336 0.0126343
5 0.825195 0.610352 0.169922 0.166016 0.00750351
9 0.481445 0.500000 0.962891 1.000000 0.007168
9 0.459473 0.364258 0.104492 0.162109 0.013763
13 0.461426 0.34082 0.0986328 0.189453 0.00849915
