15 0.49707 0.499512 0.994141 0.999023 0.323975
14 0.49707 0.499512 0.994141 0.999023 0.648926
0 0.55957 0.355469 0.0996094 0.0859375 0.0371399
4 0.772461 0.605469 0.0683594 0.0507812 0.033844
5 0.814453 0.599609 0.150391 0.078125 0.007008
5 0.773438 0.605469 0.066406 0.048828 0.012100
6 0.860840 0.613281 0.061523 0.054688 0.018402
6 0.815430 0.600586 0.150391 0.076172 0.080627
6 0.774414 0.605469 0.072266 0.052734 0.194946
7 0.863770 0.624512 0.047852 0.028320 0.018555
7 0.814453 0.599609 0.150391 0.078125 0.053375
7 0.774414 0.605469 0.072266 0.052734 0.172852
8 0.718750 0.260742 0.017578 0.013672 0.007275
8 0.772461 0.605469 0.068359 0.050781 0.059113
9 0.815430 0.600586 0.150391 0.076172 0.007133
9 0.772949 0.604980 0.069336 0.049805 0.058502
13 0.745117 0.697754 0.025391 0.026367 0.009338
13 0.864746 0.624023 0.049805 0.029297 0.014816
13 0.772949 0.604980 0.069336 0.049805 0.219116
13 0.721680 0.382812 0.115234 0.070312 0.369873
