15 0.500977 0.499512 0.998047 0.99707 0.13916
14 0.5 0.5 0.998047 1 0.882324
1 0.262695 0.398438 0.208984 0.0546875 0.0146103
3 0.583984 0.635742 0.5 0.158203 0.0791626
4 0.286133 0.419434 0.216797 0.0986328 0.0257721
6 0.286133 0.419434 0.216797 0.0986328 0.0156708
7 0.263184 0.496582 0.299805 0.334961 0.013435
7 0.286133 0.419434 0.216797 0.098633 0.130005
9 0.262695 0.541016 0.300781 0.371094 0.007725
9 0.646484 0.464844 0.132812 0.113281 0.073608
10 0.263184 0.519531 0.297852 0.339844 0.382568
11 0.183105 0.336914 0.106445 0.130859 0.009781
11 0.275391 0.416504 0.222656 0.094727 0.016388
13 0.270508 0.404297 0.224609 0.070312 0.055817
