14 0.499023 0.5 0.998047 1 0.00988007
15 0.5 0.5 1 1 0.969238
0 0.570312 0.319824 0.123047 0.102539 0.195312
3 0.591309 0.630859 0.438477 0.152344 0.483887
4 0.206055 0.508301 0.083984 0.049805 0.009415
4 0.207520 0.492676 0.188477 0.170898 0.012466
4 0.257812 0.541992 0.281250 0.183594 0.050903
5 0.279785 0.541992 0.249023 0.177734 0.007771
5 0.799805 0.454102 0.162109 0.291016 0.015732
5 0.242676 0.457031 0.327148 0.369141 0.046234
6 0.210938 0.519043 0.132812 0.090820 0.008980
6 0.802734 0.485840 0.140625 0.227539 0.009575
6 0.159180 0.426270 0.154297 0.198242 0.010735
6 0.831055 0.622070 0.123047 0.136719 0.013397
6 0.177246 0.485840 0.153320 0.129883 0.022842
6 0.255371 0.431152 0.321289 0.415039 0.055054
6 0.257812 0.541992 0.281250 0.183594 0.219727
7 0.839355 0.622070 0.077148 0.054688 0.007751
7 0.201660 0.508301 0.088867 0.049805 0.009758
7 0.859375 0.686523 0.132812 0.150391 0.010040
7 0.229980 0.653320 0.358398 0.093750 0.013100
7 0.201660 0.616211 0.270508 0.099609 0.019424
7 0.146973 0.416504 0.133789 0.174805 0.019806
7 0.798828 0.582031 0.191406 0.238281 0.020309
7 0.177246 0.485840 0.153320 0.129883 0.027115
7 0.241211 0.429688 0.328125 0.419922 0.030594
7 0.802734 0.485840 0.140625 0.227539 0.035675
7 0.835449 0.642578 0.124023 0.132812 0.072449
7 0.257324 0.542480 0.284180 0.184570 0.186768
8 0.239746 0.488770 0.313477 0.286133 0.010178
8 0.207520 0.492676 0.188477 0.170898 0.010414
8 0.199219 0.493652 0.117188 0.075195 0.012711
8 0.261230 0.539062 0.209961 0.162109 0.014099
8 0.726562 0.378418 0.023438 0.018555 0.028580
8 0.202148 0.512207 0.062500 0.034180 0.041992
9 0.257812 0.541992 0.28125 0.183594 0.00991821
10 0.095215 0.645020 0.086914 0.096680 0.351318
10 0.860352 0.693359 0.128906 0.144531 0.395996
11 0.295410 0.141113 0.182617 0.040039 0.007973
11 0.763672 0.157715 0.074219 0.041992 0.102722
11 0.860352 0.693359 0.128906 0.144531 0.140503
11 0.089355 0.645020 0.077148 0.094727 0.229492
13 0.831055 0.622070 0.123047 0.136719 0.007721
13 0.201660 0.508301 0.088867 0.049805 0.010765
13 0.151367 0.480469 0.125000 0.062500 0.029571
13 0.128906 0.476562 0.078125 0.023438 0.036468
13 0.243164 0.543457 0.300781 0.190430 0.092712
