15 0.5 0.5 1 1 0.0418701
14 0.5 0.5 1 1 0.947754
1 0.23291 0.739258 0.282227 0.142578 0.00836945
5 0.213867 0.613770 0.208984 0.325195 0.007553
5 0.262695 0.509766 0.345703 0.640625 0.008865
5 0.163086 0.744141 0.160156 0.140625 0.012497
5 0.857422 0.748047 0.144531 0.138672 0.013420
5 0.774414 0.671875 0.267578 0.242188 0.016144
5 0.232422 0.709961 0.277344 0.189453 0.019653
5 0.827148 0.701172 0.166016 0.156250 0.090637
7 0.828125 0.701172 0.167969 0.160156 0.00862122
9 0.23291 0.761719 0.299805 0.148438 0.0215759
10 0.139160 0.767090 0.122070 0.122070 0.248535
10 0.862305 0.764160 0.134766 0.116211 0.308838
11 0.862305 0.764160 0.134766 0.116211 0.060883
11 0.139160 0.767090 0.122070 0.122070 0.097961
