15 0.5 0.5 1 1 0.398438
14 0.5 0.5 1 1 0.725098
2 0.243164 0.636719 0.0605469 0.0507812 0.0180664
4 0.645508 0.570312 0.134766 0.164062 0.0447998
5 0.623535 0.552734 0.180664 0.214844 0.0100555
6 0.642578 0.557129 0.144531 0.182617 0.0757446
7 0.244629 0.639648 0.063477 0.052734 0.011276
7 0.643555 0.569336 0.142578 0.169922 0.135498
8 0.260254 0.640625 0.135742 0.111328 0.012871
8 0.645508 0.570312 0.134766 0.164062 0.027023
8 0.244629 0.639648 0.063477 0.052734 0.144897
9 0.243164 0.636719 0.060547 0.050781 0.012398
9 0.645508 0.569824 0.134766 0.166992 0.014366
13 0.642578 0.557129 0.144531 0.182617 0.0145798
