15 0.5 0.5 1 1 0.0812988
14 0.5 0.5 1 1 0.938477
1 0.305176 0.577637 0.280273 0.313477 0.00798798
4 0.307129 0.511230 0.204102 0.168945 0.022522
4 0.305176 0.577637 0.280273 0.313477 0.086792
6 0.318359 0.575684 0.304688 0.30957 0.0073204
7 0.243164 0.633789 0.166016 0.228516 0.008377
7 0.307129 0.511230 0.204102 0.168945 0.022980
7 0.305664 0.577637 0.279297 0.311523 0.120667
8 0.243164 0.632812 0.166016 0.226562 0.011307
8 0.304688 0.500000 0.205078 0.152344 0.067871
8 0.305664 0.577637 0.279297 0.311523 0.223267
9 0.305664 0.577637 0.279297 0.311523 0.022049
10 0.305176 0.577637 0.280273 0.313477 0.00714874
