14 0.5 0.5 1 1 0.0305328
15 0.499512 0.500488 0.999023 0.999023 0.957031
0 0.500000 0.500000 1.000000 1.000000 0.007103
0 0.492188 0.412598 0.257812 0.221680 0.067505
0 0.555176 0.375977 0.127930 0.138672 0.704102
2 0.183105 0.464355 0.041992 0.032227 0.007156
2 0.182617 0.467285 0.068359 0.063477 0.007359
2 0.150879 0.475586 0.110352 0.177734 0.008232
2 0.770020 0.697754 0.018555 0.016602 0.008240
2 0.125977 0.463867 0.017578 0.015625 0.009438
2 0.144531 0.321289 0.031250 0.035156 0.009476
2 0.338379 0.712891 0.012695 0.011719 0.009964
2 0.194336 0.511719 0.195312 0.281250 0.010727
2 0.206543 0.545898 0.018555 0.017578 0.010796
2 0.117188 0.630859 0.019531 0.015625 0.011772
2 0.354492 0.500000 0.017578 0.011719 0.011948
2 0.108887 0.514648 0.014648 0.011719 0.012955
2 0.322266 0.721680 0.021484 0.017578 0.014145
2 0.327637 0.302246 0.018555 0.018555 0.015160
2 0.181152 0.416992 0.020508 0.017578 0.017944
2 0.232910 0.488281 0.297852 0.552734 0.049377
2 0.571289 0.416992 0.017578 0.015625 0.061493
2 0.144531 0.321289 0.019531 0.017578 0.101440
3 0.542969 0.679688 0.445312 0.146484 0.57959
5 0.759766 0.509766 0.310547 0.486328 0.011314
5 0.206543 0.569336 0.237305 0.376953 0.067749
8 0.246094 0.424316 0.044922 0.032227 0.007130
8 0.229492 0.396973 0.255859 0.338867 0.007179
8 0.660156 0.793945 0.017578 0.015625 0.007320
8 0.186523 0.422363 0.048828 0.024414 0.007404
8 0.179688 0.529297 0.056641 0.031250 0.007473
8 0.141602 0.432617 0.039062 0.033203 0.007553
8 0.140625 0.432129 0.021484 0.020508 0.007668
8 0.336426 0.472168 0.016602 0.016602 0.007843
8 0.233887 0.609375 0.051758 0.046875 0.007919
8 0.181641 0.607422 0.150391 0.230469 0.008949
8 0.189453 0.760742 0.015625 0.013672 0.009323
8 0.119629 0.376465 0.008789 0.008789 0.009331
8 0.329102 0.302246 0.029297 0.034180 0.009560
8 0.204102 0.542969 0.119141 0.179688 0.009598
8 0.344727 0.333984 0.013672 0.011719 0.009621
8 0.202148 0.419922 0.154297 0.189453 0.009872
8 0.760742 0.512207 0.302734 0.469727 0.009918
8 0.256348 0.493652 0.014648 0.012695 0.010071
8 0.138184 0.428711 0.012695 0.011719 0.010086
8 0.297363 0.638672 0.016602 0.015625 0.010651
8 0.803223 0.354004 0.010742 0.008789 0.010673
8 0.336426 0.437012 0.014648 0.010742 0.010719
8 0.621094 0.476562 0.017578 0.015625 0.010742
8 0.354492 0.500000 0.015625 0.011719 0.011452
8 0.266602 0.547852 0.013672 0.013672 0.011841
8 0.691406 0.423340 0.015625 0.010742 0.011856
8 0.224609 0.649902 0.015625 0.010742 0.012772
8 0.771484 0.562500 0.011719 0.011719 0.013306
8 0.207031 0.548340 0.072266 0.090820 0.013634
8 0.180176 0.422363 0.086914 0.100586 0.014145
8 0.746582 0.784668 0.018555 0.016602 0.017960
8 0.144043 0.323730 0.030273 0.034180 0.018112
8 0.345703 0.548828 0.017578 0.015625 0.019180
8 0.172363 0.480957 0.133789 0.165039 0.021256
8 0.675781 0.431641 0.015625 0.011719 0.021530
8 0.176270 0.524902 0.024414 0.018555 0.022705
8 0.748047 0.506836 0.015625 0.013672 0.026352
8 0.686523 0.347168 0.013672 0.012695 0.027618
8 0.319336 0.722656 0.015625 0.015625 0.030548
8 0.291992 0.792480 0.019531 0.016602 0.037506
8 0.128906 0.465332 0.029297 0.030273 0.037598
8 0.543945 0.466797 0.017578 0.015625 0.041443
8 0.230957 0.606445 0.028320 0.021484 0.041870
8 0.333984 0.388672 0.019531 0.015625 0.045166
8 0.096680 0.471680 0.015625 0.017578 0.047272
8 0.182617 0.467285 0.068359 0.063477 0.052399
8 0.158691 0.554688 0.014648 0.011719 0.053162
8 0.685059 0.654785 0.018555 0.016602 0.062256
8 0.571289 0.416992 0.017578 0.015625 0.062744
8 0.183105 0.464355 0.041992 0.032227 0.067871
8 0.635742 0.367188 0.019531 0.019531 0.077026
8 0.660156 0.398926 0.019531 0.016602 0.092346
8 0.286621 0.351562 0.016602 0.015625 0.103577
8 0.206055 0.569336 0.236328 0.376953 0.110413
8 0.781738 0.532715 0.018555 0.014648 0.113586
8 0.174805 0.523926 0.013672 0.010742 0.127075
8 0.770020 0.697266 0.016602 0.015625 0.127686
8 0.231934 0.606934 0.014648 0.012695 0.139648
8 0.182129 0.464844 0.016602 0.013672 0.150757
8 0.108398 0.514648 0.013672 0.011719 0.157471
8 0.771484 0.472656 0.017578 0.015625 0.181763
8 0.105957 0.738281 0.018555 0.015625 0.188965
8 0.125977 0.463867 0.015625 0.013672 0.190186
8 0.328125 0.302246 0.017578 0.018555 0.221191
8 0.260742 0.437988 0.017578 0.014648 0.233521
8 0.117188 0.631348 0.015625 0.012695 0.241577
8 0.183105 0.602051 0.016602 0.014648 0.345215
8 0.181641 0.417480 0.019531 0.016602 0.366699
8 0.206543 0.546387 0.016602 0.016602 0.381836
8 0.144531 0.321289 0.019531 0.017578 0.478027
9 0.859375 0.098145 0.031250 0.018555 0.007092
9 0.857422 0.104492 0.054688 0.031250 0.007374
9 0.291992 0.792480 0.019531 0.016602 0.007408
9 0.844727 0.111816 0.013672 0.010742 0.007790
9 0.770020 0.697754 0.018555 0.016602 0.009644
9 0.278809 0.869629 0.016602 0.012695 0.009750
9 0.105469 0.737793 0.019531 0.016602 0.009750
9 0.232910 0.488281 0.297852 0.552734 0.019012
9 0.144043 0.321289 0.020508 0.017578 0.051147
11 0.328613 0.165527 0.120117 0.034180 0.010124
11 0.649414 0.165527 0.146484 0.040039 0.029053
13 0.183105 0.464355 0.041992 0.032227 0.007858
13 0.144531 0.321289 0.019531 0.017578 0.011505
13 0.232910 0.488281 0.297852 0.552734 0.018173
