14 0.498535 0.499512 0.985352 0.991211 0.0140152
15 0.498535 0.499512 0.985352 0.991211 0.919434
0 0.560547 0.530762 0.037109 0.036133 0.007141
0 0.530273 0.340820 0.025391 0.023438 0.011475
0 0.510254 0.318359 0.084961 0.089844 0.710449
2 0.691406 0.483398 0.035156 0.029297 0.009590
2 0.528320 0.337402 0.044922 0.047852 0.017960
2 0.562500 0.531738 0.037109 0.034180 0.183228
2 0.530273 0.339844 0.021484 0.023438 0.207764
3 0.522461 0.630859 0.3125 0.107422 0.0243835
4 0.691406 0.483398 0.0351562 0.0292969 0.00901794
5 0.302734 0.361328 0.164062 0.234375 0.007492
5 0.691895 0.487305 0.034180 0.029297 0.013756
5 0.699707 0.576172 0.143555 0.238281 0.020798
5 0.241211 0.575195 0.166016 0.201172 0.032776
5 0.271484 0.459961 0.226562 0.416016 0.101562
6 0.691406 0.483398 0.0351562 0.0292969 0.0163116
7 0.691406 0.483398 0.0351562 0.0292969 0.188721
8 0.562500 0.532227 0.039062 0.033203 0.042877
8 0.691406 0.483398 0.035156 0.029297 0.402588
9 0.561035 0.531250 0.038086 0.035156 0.111145
9 0.691406 0.482910 0.035156 0.028320 0.148071
11 0.138672 0.750488 0.033203 0.043945 0.007046
11 0.390625 0.174316 0.050781 0.022461 0.009827
11 0.573242 0.164062 0.072266 0.019531 0.050079
13 0.562500 0.532227 0.037109 0.033203 0.010262
13 0.292480 0.504395 0.086914 0.016602 0.025680
13 0.691406 0.483398 0.035156 0.029297 0.031982
