14 0.500977 0.5 0.998047 1 0.145264
15 0.501953 0.499512 0.996094 0.999023 0.887695
0 0.525391 0.242188 0.082031 0.066406 0.010841
0 0.518555 0.268555 0.134766 0.121094 0.025131
0 0.453613 0.417969 0.333008 0.386719 0.042389
0 0.475586 0.302246 0.259766 0.192383 0.174438
1 0.736816 0.46875 0.239258 0.164062 0.00933075
2 0.509277 0.300781 0.190430 0.189453 0.012299
2 0.519531 0.265137 0.126953 0.112305 0.063904
2 0.528320 0.239746 0.068359 0.055664 0.101501
3 0.735352 0.466797 0.240234 0.164062 0.024246
3 0.518555 0.675781 0.537109 0.208984 0.100220
4 0.735352 0.466797 0.240234 0.164062 0.177246
5 0.232910 0.731445 0.342773 0.251953 0.009628
5 0.788086 0.542480 0.179688 0.168945 0.010681
5 0.850586 0.769531 0.193359 0.148438 0.019379
5 0.705566 0.363770 0.305664 0.456055 0.021927
5 0.229980 0.507812 0.325195 0.628906 0.050354
5 0.202637 0.641602 0.243164 0.289062 0.061584
5 0.797852 0.706055 0.271484 0.244141 0.096802
5 0.759766 0.577148 0.312500 0.462891 0.168823
6 0.736816 0.46875 0.239258 0.164062 0.0196838
7 0.735352 0.466797 0.240234 0.164062 0.163452
8 0.309570 0.146484 0.027344 0.027344 0.007660
8 0.735352 0.353027 0.021484 0.014648 0.017365
8 0.735352 0.466797 0.240234 0.164062 0.375244
9 0.209961 0.509766 0.287109 0.587891 0.007050
9 0.759766 0.576172 0.312500 0.460938 0.009956
9 0.736816 0.468750 0.239258 0.164062 0.015900
13 0.755371 0.557617 0.309570 0.451172 0.009979
13 0.789551 0.536133 0.125977 0.054688 0.010536
13 0.798828 0.761230 0.273438 0.166992 0.010567
