15 0.5 0.5 1 1 0.58252
14 0.5 0.5 1 1 0.614258
0 0.475586 0.297852 0.105469 0.0878906 0.00922394
6 0.314453 0.172363 0.0820312 0.0810547 0.0100174
7 0.579102 0.156738 0.166016 0.041992 0.010567
7 0.282715 0.142090 0.155273 0.053711 0.037415
7 0.314453 0.172363 0.082031 0.081055 0.088135
9 0.310547 0.167969 0.0917969 0.0800781 0.00886536
11 0.271484 0.135742 0.164062 0.041016 0.301514
11 0.581055 0.155762 0.169922 0.041992 0.454834
13 0.575195 0.157715 0.164062 0.043945 0.010582
13 0.282715 0.142090 0.155273 0.053711 0.016266
13 0.316895 0.175293 0.075195 0.081055 0.134644
