15 0.5 0.497559 0.996094 0.991211 0.959473
0 0.588379 0.264648 0.102539 0.109375 0.815918
3 0.57373 0.564453 0.405273 0.113281 0.725586
5 0.303711 0.424805 0.205078 0.283203 0.011894
5 0.311523 0.492188 0.166016 0.136719 0.014900
6 0.316895 0.489746 0.170898 0.137695 0.00883484
7 0.165039 0.584473 0.0390625 0.0341797 0.0205383
9 0.166504 0.584961 0.0380859 0.0332031 0.0117874
10 0.862793 0.639648 0.0556641 0.078125 0.0090332
11 0.862793 0.639648 0.055664 0.078125 0.011200
11 0.313965 0.139160 0.055664 0.040039 0.012108
11 0.448242 0.110840 0.060547 0.028320 0.026260
11 0.645508 0.123047 0.076172 0.021484 0.076782
13 0.339355 0.299316 0.043945 0.034180 0.008629
13 0.290039 0.459961 0.132812 0.091797 0.025772
13 0.271484 0.462402 0.083984 0.022461 0.061951
13 0.800293 0.531250 0.094727 0.031250 0.595215
