14 0.5 0.501953 0.996094 0.996094 0.0848999
15 0.500977 0.501465 0.994141 0.995117 0.899414
0 0.587891 0.357422 0.117188 0.183594 0.014504
0 0.503418 0.469727 0.864258 0.873047 0.034943
0 0.550781 0.527832 0.394531 0.221680 0.062683
0 0.510254 0.416016 0.272461 0.320312 0.082947
0 0.518066 0.335449 0.229492 0.149414 0.542480
2 0.528809 0.333984 0.206055 0.146484 0.010704
3 0.518066 0.335938 0.229492 0.148438 0.011650
3 0.559082 0.518066 0.541992 0.465820 0.029098
3 0.555664 0.554199 0.408203 0.166992 0.485107
7 0.425781 0.243164 0.0605469 0.150391 0.139648
8 0.395020 0.458496 0.122070 0.221680 0.007538
8 0.427246 0.238281 0.059570 0.142578 0.009720
8 0.389648 0.486328 0.080078 0.109375 0.014557
9 0.425781 0.243164 0.0605469 0.150391 0.0294189
