14 0.5 0.498535 0.990234 0.991211 0.0437317
15 0.499512 0.49707 0.989258 0.990234 0.90332
0 0.622559 0.290527 0.051758 0.071289 0.028595
0 0.603027 0.286133 0.100586 0.111328 0.820312
2 0.622559 0.290527 0.051758 0.071289 0.081482
2 0.606445 0.287598 0.093750 0.112305 0.169800
2 0.630859 0.294922 0.031250 0.046875 0.216187
3 0.59668 0.626953 0.341797 0.105469 0.20874
5 0.331055 0.528809 0.107422 0.083008 0.009003
5 0.359375 0.587891 0.140625 0.140625 0.016800
6 0.359375 0.587891 0.140625 0.140625 0.0291595
7 0.645020 0.399902 0.079102 0.094727 0.028259
7 0.361816 0.596680 0.139648 0.128906 0.041657
8 0.314453 0.570312 0.042969 0.050781 0.009468
8 0.645020 0.399902 0.079102 0.096680 0.014107
8 0.310547 0.571289 0.019531 0.017578 0.023468
9 0.310547 0.571289 0.019531 0.017578 0.008263
9 0.359375 0.587891 0.140625 0.136719 0.016006
9 0.645020 0.399902 0.079102 0.096680 0.040924
11 0.896484 0.733398 0.039062 0.056641 0.007210
11 0.409180 0.120117 0.103516 0.021484 0.056915
11 0.694336 0.115234 0.050781 0.031250 0.078186
13 0.313477 0.510742 0.060547 0.025391 0.025009
13 0.333984 0.523926 0.105469 0.061523 0.067871
